[
    {"bg_meshGS":{
        "path":"../exp_obj_GS/real_mesh_bg3/", 
        "plane_trans":[[ 0.99945393,  -0.02669315,   0.01947625,   0       ], 
        [-0.02669315, -0.3048141,   0.95203773,  0       ], 
        [-0.01947625, -0.95203773, -0.30536017,  5.24483497], 
        [ 0  ,       0     ,    0  ,       1       ]], 
        "mesh_trans":[[ 0.96,   0.28, 0   , -2.65        ], 
        [ -0.28 , 0.96 ,  0,  -2.80        ], 
        [ 0,  0, 1,  0], 
        [ 0      ,    0       ,   0         , 1       ]], 
        "scale":0.3, 
        "pos_mod":[0.55, 0, -0.75]
    }
    , 
    "bg_tablecloth":{
        "path":"../exp_obj_GS/bg_tablecloth_new_mesh_0/", 
        "plane_trans":[[ 0.72703276, -0.64539633,  0.23427964,  0        ], 
        [ -0.64539633, -0.52595754,  0.5539244,  0        ],
        [ -0.23427964, -0.5539244,  -0.79892478,  4.19919222],
        [ 0,          0,          0,          1        ]],  
        "mesh_trans":[[ 0.96,   -0.28, 0   , 3.9        ], 
        [ 0.28 , 0.96 ,  0,  0.25        ], 
        [ 0,  0, 1,  0], 
        [ 0      ,    0       ,   0         , 1       ]], 
        "scale":0.245, 
        "pos_mod":[0, 0, -0.625]
    }
    ,
    "small_cube":{
        "path":"../exp_obj_GS/small_cube_mesh_0/",
        "urdf":"mesh_models/small_cube.urdf",
        "plane_trans":[[ 0.94042404,   0.33529471, -0.05639224,  0        ], 
        [ 0.33529471, -0.88704538,  0.31737667,  0        ],
        [ 0.05639224, -0.31737667, -0.94662134,  3.89461011],
        [ 0,          0,          0,          1        ]],  
        "mesh_trans":[[ 1,   0, 0   , 0.85        ], 
        [ 0 , 1 ,  0,  -0.83        ], 
        [ 0,  0, 1,  0], 
        [ 0      ,    0       ,   0         , 1       ]], 
        "scale":0.075, 
        "height":0.0289
    }
    , 
    "cake":{
        "path":"../exp_obj_GS/cake_mesh_0/",
        "urdf":"mesh_models/cake_2.urdf",
        "plane_trans":[[ 0.99973982,   0.02045626,  -0.0100917 ,   0       ], 
                    [ 0.02045626 , -0.60831564 ,  0.79343155 ,  0        ], 
                    [ 0.0100917 ,  -0.79343155 , -0.60857582 ,  4.96518674], 
                    [ 0       ,    0        ,   0        , 1       ]], 
        "mesh_trans":[[ 0.96,   0.29, 0   , -2.7        ], 
                    [ -0.29 , 0.96 ,  0 ,  -1.25        ], 
                    [ 0 ,  0 , 1 ,  0], 
                    [ 0       ,    0        ,   0          , 1        ]], 
        "trans_trans": [[ 1   ,0, 0    , -0.1        ], 
                    [ 0 , 1 ,  0 ,  -0.15        ], 
                    [ 0 ,  0 , 1 ,  0], 
                    [ 0       ,    0        ,   0          , 1        ]], 
        "scale":0.02, 
        "height":0.025
    }
    , 
    "banana":{
        "path":"../exp_obj_GS/banana_mesh_0",
        "urdf":"mesh_models/banana.urdf",
        "plane_trans":[[ 0.99544192, -0.08649081,  0.04018356,  0        ],
        [-0.08649081, -0.64118766,  0.76249441,  0        ],
        [-0.04018356, -0.76249441, -0.64574574, 3.18487861],
        [ 0,          0,          0,          1        ]],
        "mesh_trans":[[ 0.64,   -0.77, 0   , -0.2       ], 
        [ 0.77 , 0.64 ,  0,  -0.43        ], 
        [ 0,  0, 1,  0], 
        [ 0      ,    0       ,   0         , 1       ]],
        "scale":0.1,
        "height":0.0245
    },
    "bear":{
        "path":"../exp_obj_GS/bear_mesh_0_w",
        "urdf":"mesh_models/bear.urdf",
        "plane_trans":[[ 0.99000594, -0.1016513,   0.09775098,  0        ],
        [-0.1016513,  -0.0339127,   0.99424189,  0        ],
        [-0.09775098, -0.99424189, -0.04390676,  3.30999467],
        [ 0,          0,          0,          1        ]],
        "mesh_trans":[[ 0.77,   0.64, 0   , -1.29       ], 
        [ -0.64 , 0.77 ,  0,  -1.09        ], 
        [ 0,  0, 1,  0], 
        [ 0      ,    0       ,   0         , 1       ]],
        "scale":0.09,
        "height":0.044
    }
    }
]